% random Vektor aus cg.c in linearer Form ohne Randpunkte

v = [10.30 19.80 10.50 11.50 8.10 25.50 7.40 23.60 4.10 20.50 18.60 17.10 24.20 25.10 22.70 7.00 12.40 19.40 8.40 24.80 2.70 23.20 23.10 14.10 11.80 9.00 4.60 9.90 5.10 15.90 20.10 15.40 10.20 5.00 1.30 18.30 4.90 8.80 16.30 9.00 3.70 9.30 0.50 2.30 8.80 23.30 9.40 21.20 17.10 17.80 20.50 19.80 15.50 18.00 8.40 1.70 1.40 13.00 11.60 6.50 3.30 6.10 22.00 13.50];                                                                                                                                                
           
v = v'; 

A = laplace(8); % N=8, da wir ohne Randpunkte arbeiten (sonst 10x10)

w = A * v % überprüfen der Matrix-Vektor-Multiplikation

